RUNNING THE L-BFGS-B CODE

it    = iteration number
nf    = number of function evaluations
nseg  = number of segments explored during the Cauchy search
nact  = number of active bounds at the generalized Cauchy point
sub   = manner in which the subspace minimization terminated:
        con = converged, bnd = a bound was reached
itls  = number of iterations performed in the line search
stepl = step length used
tstep = norm of the displacement (total step)
projg = norm of the projected gradient
f     = function value

           * * *

Machine precision = 2.220D-16
 N =           73     M =           10

   it   nf  nseg  nact  sub  itls  stepl    tstep     projg        f
    0    1     -     -   -     -     -        -     2.441D-01  5.716D-01
    1    2     1     0  ---    0  3.4D+00  1.0D+00  2.517D-02  4.314D-01
    2    3     0     0  con    0  1.0D+00  1.7D-01  1.766D-02  4.244D-01
    3    4     0     0  con    0  1.0D+00  7.6D-01  2.026D-02  4.030D-01
    4    5     0     0  con    0  1.0D+00  3.2D+00  5.456D-02  3.577D-01
    5    7     0     0  con    1  3.7D-01  9.2D-01  5.693D-02  3.383D-01
    6    8     0     0  con    0  1.0D+00  1.8D+00  1.164D-01  3.204D-01
    7    9     0     0  con    0  1.0D+00  2.1D+00  7.839D-02  2.895D-01
    8   10     0     0  con    0  1.0D+00  2.2D+00  7.973D-02  2.769D-01
    9   11     0     0  con    0  1.0D+00  8.8D-01  3.033D-02  2.507D-01
   10   12     0     0  con    0  1.0D+00  7.3D-01  3.847D-02  2.411D-01
   11   13     0     0  con    0  1.0D+00  5.4D-01  2.265D-02  2.306D-01
   12   14     0     0  con    0  1.0D+00  8.3D-01  2.646D-02  2.284D-01
   13   15     0     0  con    0  1.0D+00  2.7D-01  3.430D-02  2.272D-01
   14   16     0     0  con    0  1.0D+00  1.9D-01  1.814D-02  2.262D-01
   15   17     0     0  con    0  1.0D+00  7.6D-02  6.481D-03  2.256D-01
   16   18     0     0  con    0  1.0D+00  1.1D-01  1.133D-02  2.252D-01
   17   19     0     0  con    0  1.0D+00  8.9D-02  1.187D-02  2.247D-01
   18   20     0     0  con    0  1.0D+00  2.2D-01  1.200D-02  2.243D-01
   19   21     0     0  con    0  1.0D+00  1.1D-01  8.697D-03  2.235D-01
   20   22     0     0  con    0  1.0D+00  2.0D-01  8.375D-03  2.224D-01
   21   23     0     0  con    0  1.0D+00  4.3D-01  1.290D-02  2.207D-01
   22   24     0     0  con    0  1.0D+00  8.4D-01  2.115D-02  2.180D-01
   23   25     0     0  con    0  1.0D+00  1.5D+00  5.412D-02  2.154D-01
   24   26     0     0  con    0  1.0D+00  3.1D-01  2.546D-02  2.118D-01
   25   27     0     0  con    0  1.0D+00  7.1D-01  1.437D-02  2.092D-01
   26   28     0     0  con    0  1.0D+00  1.3D+00  1.428D-02  2.075D-01
   27   30     0     0  con    1  4.8D-01  1.4D-01  1.884D-02  2.070D-01
   28   31     0     0  con    0  1.0D+00  4.0D-01  1.074D-02  2.065D-01
   29   32     0     0  con    0  1.0D+00  1.9D-01  2.819D-03  2.064D-01
   30   33     0     0  con    0  1.0D+00  6.1D-02  2.910D-03  2.063D-01
   31   34     0     0  con    0  1.0D+00  2.1D-01  4.215D-03  2.060D-01
   32   35     0     0  con    0  1.0D+00  2.6D-01  7.398D-03  2.055D-01
   33   36     0     0  con    0  1.0D+00  7.1D-01  1.061D-02  2.042D-01
   34   37     0     0  con    0  1.0D+00  1.7D+00  2.109D-02  2.025D-01
   35   39     0     0  con    1  8.9D-02  2.9D-01  2.079D-02  2.022D-01
   36   40     0     0  con    0  1.0D+00  7.5D-01  5.337D-02  2.008D-01
   37   41     0     0  con    0  1.0D+00  1.0D+00  1.979D-02  1.996D-01
   38   42     0     0  con    0  1.0D+00  5.0D-01  7.970D-03  1.986D-01
   39   43     0     0  con    0  1.0D+00  8.5D-01  9.756D-03  1.982D-01
   40   45     0     0  con    1  2.6D-01  5.1D-01  2.943D-03  1.981D-01
   41   46     0     0  con    0  1.0D+00  2.0D-01  1.962D-03  1.980D-01
   42   47     0     0  con    0  1.0D+00  3.2D-01  2.802D-03  1.978D-01
   43   48     0     0  con    0  1.0D+00  8.5D-01  1.290D-02  1.973D-01
   44   49     0     0  con    0  1.0D+00  5.9D-01  1.656D-02  1.968D-01
   45   50     0     0  con    0  1.0D+00  6.1D-01  1.237D-02  1.963D-01
   46   51     0     0  con    0  1.0D+00  3.3D-01  1.314D-02  1.962D-01
   47   53     0     0  con    1  4.2D-01  4.0D-01  6.312D-03  1.961D-01
   48   54     0     0  con    0  1.0D+00  4.0D-01  6.568D-03  1.960D-01
   49   55     0     0  con    0  1.0D+00  1.1D-01  1.394D-03  1.960D-01
   50   56     0     0  con    0  1.0D+00  1.1D-01  9.963D-04  1.960D-01
   51   57     0     0  con    0  1.0D+00  8.8D-02  3.229D-03  1.960D-01
   52   58     0     0  con    0  1.0D+00  2.4D-02  2.725D-03  1.960D-01
   53   59     0     0  con    0  1.0D+00  8.6D-02  1.076D-03  1.960D-01
   54   60     0     0  con    0  1.0D+00  1.0D-01  8.021D-04  1.960D-01
   55   61     0     0  con    0  1.0D+00  6.9D-02  4.324D-03  1.959D-01
   56   62     0     0  con    0  1.0D+00  6.5D-02  2.741D-03  1.959D-01
   57   63     0     0  con    0  1.0D+00  3.7D-02  1.889D-03  1.959D-01
   58   64     0     0  con    0  1.0D+00  7.7D-02  1.513D-03  1.959D-01
   59   66     0     0  con    1  4.7D-01  1.5D-01  3.149D-03  1.959D-01
   60   67     0     0  con    0  1.0D+00  6.6D-02  2.481D-03  1.959D-01
   61   69     0     0  con    1  4.5D-01  6.3D-02  4.224D-03  1.958D-01
   62   70     0     0  con    0  1.0D+00  1.8D-01  2.170D-03  1.958D-01
   63   71     0     0  con    0  1.0D+00  5.4D-02  1.220D-03  1.958D-01
   64   72     0     0  con    0  1.0D+00  6.8D-02  1.190D-03  1.958D-01
   65   73     0     0  con    0  1.0D+00  2.2D-01  1.494D-03  1.958D-01
   66   75     0     0  con    1  1.8D-01  1.4D-02  9.598D-04  1.958D-01
   67   76     0     0  con    0  1.0D+00  7.2D-02  1.242D-03  1.958D-01
   68   78     0     0  con    1  3.9D-01  1.0D-01  2.064D-03  1.958D-01
   69   79     0     0  con    0  1.0D+00  4.9D-02  1.058D-03  1.957D-01
   70   80     0     0  con    0  1.0D+00  4.6D-02  1.876D-03  1.957D-01
   71   81     0     0  con    0  1.0D+00  1.0D-01  2.113D-03  1.957D-01
   72   83     0     0  con    1  1.5D-01  5.2D-02  4.951D-03  1.957D-01
   73   84     0     0  con    0  1.0D+00  5.5D-02  2.355D-03  1.957D-01
   74   85     0     0  con    0  1.0D+00  8.9D-02  2.401D-03  1.957D-01
   75   87     0     0  con    1  5.0D+00  1.2D-01  5.549D-03  1.957D-01
   76   88     0     0  con    0  1.0D+00  3.7D-01  1.289D-02  1.956D-01
   77   89     0     0  con    0  1.0D+00  3.0D-01  7.905D-03  1.955D-01
   78   90     0     0  con    0  1.0D+00  1.2D-01  1.636D-03  1.954D-01
   79   92     0     0  con    1  4.7D-01  2.2D-01  2.352D-03  1.954D-01
   80   93     0     0  con    0  1.0D+00  8.7D-02  2.690D-03  1.954D-01
   81   94     0     0  con    0  1.0D+00  1.3D-01  1.929D-03  1.954D-01
   82   95     0     0  con    0  1.0D+00  1.6D-01  1.378D-03  1.953D-01
   83   97     0     0  con    1  1.3D-01  1.0D-01  2.766D-03  1.953D-01
   84   98     0     0  con    0  1.0D+00  8.9D-02  1.675D-03  1.953D-01
   85   99     0     0  con    0  1.0D+00  2.3D-01  4.683D-03  1.953D-01
   86  100     0     0  con    0  1.0D+00  1.7D-01  4.873D-03  1.953D-01
   87  101     0     0  con    0  1.0D+00  9.9D-02  1.193D-03  1.952D-01
   88  102     0     0  con    0  1.0D+00  5.1D-02  5.401D-04  1.952D-01
   89  103     0     0  con    0  1.0D+00  1.7D-02  1.053D-03  1.952D-01
   90  104     0     0  con    0  1.0D+00  4.9D-02  7.650D-04  1.952D-01
   91  106     0     0  con    1  3.8D-01  8.1D-02  8.449D-04  1.952D-01
   92  107     0     0  con    0  1.0D+00  7.2D-02  5.653D-04  1.952D-01
   93  108     0     0  con    0  1.0D+00  4.8D-02  1.270D-03  1.952D-01
   94  110     0     0  con    1  4.4D-01  3.5D-02  3.503D-04  1.952D-01
   95  111     0     0  con    0  1.0D+00  5.1D-02  1.772D-03  1.952D-01
   96  112     0     0  con    0  1.0D+00  5.1D-02  2.394D-03  1.952D-01
   97  114     0     0  con    1  1.7D-01  2.7D-02  1.259D-03  1.952D-01
   98  115     0     0  con    0  1.0D+00  9.6D-03  6.926D-04  1.952D-01
   99  116     0     0  con    0  1.0D+00  1.2D-02  3.532D-04  1.952D-01
  100  117     0     0  con    0  1.0D+00  1.6D-02  8.978D-04  1.952D-01
  101  118     0     0  con    0  1.0D+00  1.7D-02  6.555D-04  1.952D-01
  102  119     0     0  con    0  1.0D+00  4.1D-02  4.159D-04  1.952D-01
  103  120     0     0  con    0  1.0D+00  6.1D-02  1.282D-03  1.952D-01
  104  121     0     0  con    0  1.0D+00  1.4D-02  5.306D-04  1.952D-01
  105  122     0     0  con    0  1.0D+00  1.4D-02  1.909D-04  1.952D-01
  106  123     0     0  con    0  1.0D+00  5.8D-03  2.112D-04  1.952D-01
  107  124     0     0  con    0  1.0D+00  1.4D-02  1.714D-04  1.952D-01
  108  126     0     0  con    1  3.0D-01  1.0D-02  5.492D-04  1.952D-01
  109  127     0     0  con    0  1.0D+00  8.0D-03  4.322D-04  1.952D-01
  110  129     0     0  con    1  3.2D-01  1.3D-02  4.928D-04  1.952D-01
  111  130     0     0  con    0  1.0D+00  1.6D-02  3.238D-04  1.952D-01
  112  131     0     0  con    0  1.0D+00  1.7D-02  3.477D-04  1.952D-01
  113  132     0     0  con    0  1.0D+00  6.0D-02  5.047D-04  1.952D-01
  114  133     0     0  con    0  1.0D+00  1.3D-02  4.351D-04  1.952D-01
  115  134     0     0  con    0  1.0D+00  4.2D-02  1.372D-03  1.952D-01
  116  135     0     0  con    0  1.0D+00  1.3D-01  2.380D-03  1.952D-01
  117  136     0     0  con    0  1.0D+00  4.2D-02  2.365D-03  1.952D-01
  118  137     0     0  con    0  1.0D+00  3.4D-02  1.491D-03  1.952D-01
  119  138     0     0  con    0  1.0D+00  1.9D-02  1.419D-04  1.952D-01
  120  139     0     0  con    0  1.0D+00  1.2D-02  1.681D-04  1.952D-01
  121  141     0     0  con    1  3.8D-02  6.6D-03  4.694D-04  1.952D-01
  122  143     0     0  con    1  5.0D-01  1.9D-02  6.132D-04  1.952D-01
  123  144     0     0  con    0  1.0D+00  1.2D-02  2.365D-04  1.952D-01
  124  145     0     0  con    0  1.0D+00  1.6D-02  6.389D-04  1.952D-01
  125  146     0     0  con    0  1.0D+00  4.2D-03  4.099D-04  1.952D-01
  126  147     0     0  con    0  1.0D+00  3.4D-03  2.261D-04  1.952D-01
  127  148     0     0  con    0  1.0D+00  4.5D-03  3.882D-04  1.952D-01
  128  149     0     0  con    0  1.0D+00  1.0D-02  8.065D-04  1.952D-01
  129  150     0     0  con    0  1.0D+00  7.8D-03  7.417D-04  1.952D-01
  130  152     0     0  con    1  2.1D-01  7.0D-03  6.727D-04  1.952D-01
  131  153     0     0  con    0  1.0D+00  1.3D-02  3.290D-04  1.952D-01
  132  154     0     0  con    0  1.0D+00  1.7D-02  1.808D-04  1.952D-01
  133  155     0     0  con    0  1.0D+00  4.3D-03  1.054D-04  1.952D-01
  134  156     0     0  con    0  1.0D+00  1.0D-02  2.254D-04  1.952D-01
  135  158     0     0  con    1  3.2D-01  1.2D-02  2.700D-04  1.952D-01
  136  160     0     0  con    1  1.3D-01  3.1D-03  9.992D-05  1.952D-01

CONVERGENCE: NORM_OF_PROJECTED_GRADIENT_<=_PGTOL            

 Total User time 0.000E+00 seconds.

